  -2.95760128  -3.15936525  23.79081401
  -2.88771834  -3.35796314  24.18076724
  -2.2913529   -1.09315837  19.28448962
  -2.13532074  -1.06301827  19.17221201
  -2.47595595  -1.21923454  19.6057786 
  -2.16960418  -0.41371996  17.82736993
  -2.14034347  -0.0220646   16.99850864
  -2.01997402  -0.3221489   17.58828577
  -1.96760459  -0.03187809  16.96398639
  -1.94341756   0.0196656   16.84828244
  -1.98183785   0.12063877  16.64889729
  -2.02200007   0.2483743   16.39383445
  -1.89409568   0.67646518  15.45348166
  -1.69616265   1.46232343  13.73026852
  -1.50595182   1.47763057  13.63614575
  -1.53964289   1.93621065  12.67136079
  -1.50722077   1.57733104  13.42490329
  -1.56124468   2.00602764  12.52933903
  -1.50714992   2.05464641  12.40765717
  -1.38241308   2.03866506  12.40093061
  -1.40183737   2.32608804  11.79085269
  -1.32100243   2.34253966  11.72873416
  -1.38294245   2.42419631  11.5733707 
  -1.41110283   2.37646734  11.68551652
  -2.58525098  -3.25658005  23.87533262
  -2.01335668  -2.88923359  22.93310508
  -2.55135237  -2.80705999  22.93176709
  -1.94798471  -2.69995285  22.51947039
  -2.05942379  -1.89407445  20.87930751
  -1.74640675  -1.57997963  20.12669665
  -2.27505672  -2.01373574  21.1962556 
  -2.28386329  -1.71763341  20.58298137
  -2.04805024  -1.60478725  20.27358157
  -2.06429795  -1.07456135  19.17379529
  -1.71294588  -1.4064563   19.75462395
  -1.74357056  -1.56527092  20.09516563
  -2.10876759  -1.47556505  20.02364621
  -2.09757671  -1.31952994  19.69502187
  -1.4239802   -0.01973083  16.76546204
  -1.68539975  -0.44252444  17.73376433
  -1.82075301e+00  -1.07654885e-02   1.68729566e+01
  -1.52921451e+00  -9.85713399e-03   1.67782347e+01
  -1.61835953  -0.67539437  18.19930514
  -1.53044426   0.18949717  16.36049212
  -1.37678279   0.06134772  16.58043372
  -1.44788212   0.13077863  16.45740739
  -1.60781373   0.26666127  16.22319265
  -1.66308296   0.16025381  16.46413285
  -1.66987527   0.65692412  15.42270417
  -1.18936016   0.91525614  14.72419571
  -1.3630045    0.9886964   14.62485067
  -1.2942875    0.76266171  15.0796908 
  -1.5429781    0.94446761  14.77603342
  -1.31409486   1.34918198  13.84649135
  -1.34750192   1.43960571  13.66553159
  -1.42150898   1.38657406  13.80192805
  -1.44075144   1.45560984  13.66174902
  -1.52245664   1.37516329  13.85875479
  -1.14302001   1.88125225  12.65919441
  -1.04127273   1.86014214  12.67116085
  -1.16320805   1.82284037  12.79046203
  -1.12300636   1.55988475  13.33746372
  -1.20967973   1.9127295   12.61368579
  -1.29677144   2.22410034  11.97536132
  -1.11734965   2.08354589  12.21800411
  -1.0909043    2.17357142  12.01620595
  -1.35578712   2.048788    12.37054427
  -1.04036111   2.07508715  12.21094764
  -1.04739909   2.38435795  11.54824669
  -1.10540457   2.32291452  11.69982066
  -1.20987327   2.42577216  11.51261425
  -0.97268471   2.38579839  11.52048706
  -1.12766178   2.42673978  11.48331458
  -1.28355762  -2.94078415  22.81091655
  -1.45237787  -2.91301679  22.80624078
  -1.24335542  -2.73394774  22.36868016
  -1.39364292  -2.5979911   22.1333889 
  -1.69400172  -2.88951052  22.83331123
  -1.2419327   -2.50185349  21.88593408
  -1.38610489  -2.54443936  22.01973415
  -1.14690602  -1.85825953  20.51729026
  -1.15552004  -2.030795    20.87911575
  -1.12393038  -1.67621107  20.13095745
  -1.51363551  -1.41452098  19.70852191
  -0.98918744  -1.18034853  19.05480929
  -0.97627685  -0.97185359  18.61555426
  -1.0593388   -1.35888351  19.44930006
  -1.15570697  -1.53130962  19.8390739 
  -1.17875883  -0.01886105  16.68571273
  -1.13912981  -0.24892751  17.15530161
  -1.1005045   -0.51520862  17.70044374
  -1.31268286  -0.43818377  17.60648674
  -1.30463013e+00  -9.12218215e-03   1.67052794e+01
  -0.89666416   0.43988216  15.63251184
  -1.30106489e+00   1.11908213e-02   1.66615507e+01
  -0.89857477   0.34896639  15.82433925
  -1.02305162   0.45852019  15.63354367
  -0.83413652   0.21781381  16.07951053
  -0.82792847   1.10105596  14.21565949
  -0.8114017    0.94874202  14.53246722
  -0.85174118   0.78201789  14.89738607
  -1.01644969   0.63346096  15.26314729
  -0.93964601   1.08070496  14.29452677
  -0.78718458   1.27393451  13.83637622
  -0.82693663   1.10846324  14.19966515
  -0.69880322   1.27901771  13.7972279 
  -0.89843957   1.17599394  14.07962988
  -0.87911927   1.24760325  13.9217213 
  -0.63963935   1.78167508  12.70848467
  -0.75814501   1.86211233  12.57497832
  -0.97563935   1.86374638  12.64211761
  -0.78464288   1.55042963  13.2482752 
  -0.66346886   1.57911354  13.14815369
  -0.86304598   2.15373019  11.98418191
  -0.59112691   2.19460064  11.80743714
  -0.83534952   2.27602519  11.71200709
  -0.87974696   2.05250658  12.20689723
  -0.76015983   2.17570281  11.90331022
  -0.82089502   2.36434454  11.51679633
  -0.80845177   2.44036743  11.34842677
  -0.6504073   2.3176658  11.5615665
  -0.77811902  -3.04338309  22.86550443
  -1.01189193  -2.94335607  22.73104396
  -1.06573525  -2.65175482  22.14215412
  -1.19368037  -3.03079603  22.96963214
  -0.53163005  -2.9707992   22.63756398
  -0.86773551  -1.77131982  20.24846227
  -0.64447188  -2.00889748  20.67298838
  -0.44888182  -1.74040609  20.05249317
  -0.79042735  -2.04689304  20.7978943 
  -0.85836071  -1.550133    19.78470167
  -0.85929223  -1.43642939  19.54798673
  -0.98027001  -1.2068166   19.10722089
  -0.81308548  -1.09674282  18.82483532
  -0.63852975  -0.70670678  17.95500679
  -0.83174346  -1.28362026  19.22065274
  -0.59088437  -0.13921447  16.7517742 
  -0.66386344  -0.24496495  16.99652698
  -0.35552175  -0.05589362  16.50259267
  -5.39126605e-01  -1.63972734e-02   1.64777694e+01
  -0.68849967  -0.05752626  16.61134201
  -0.78810099   0.26501652  15.96570527
  -0.63417697   0.18913157  16.0763218 
  -0.44763744   0.11225969  16.17871069
  -0.57724295   0.02347332  16.40615681
  -0.34947593   0.05385649  16.27030846
  -0.70594977   0.98568387  14.42066798
  -0.62013745   1.02236996  14.3156556 
  -0.30648844   1.00208356  14.25849155
  -0.69393848   1.09116071  14.19369464
  -0.67875526   0.89987352  14.59333942
  -0.69007302   1.27882504  13.79483545
  -0.61787427   1.46102416  13.38473935
  -0.64751137   1.10512896  14.14926889
  -0.30308348   1.51155295  13.1761414 
  -0.66304146   1.20732807  13.93775735
  -0.26857381   1.53629731  13.11237597
  -0.4003101    1.54626833  13.13342365
  -0.65367037   1.59155509  13.11850077
  -0.51702506   1.5430552   13.1777812 
  -0.589077     1.87367442  12.49545042
  -0.26132405   2.09302894  11.91873642
  -0.53901471   2.11969135  11.95160374
  -0.45540277   2.12164502  11.92019923
  -0.55553066   2.24395304  11.68950403
  -0.45842906   2.24988882  11.6450038 
  -0.38905226   2.45803576  11.17221341
  -0.32143578  -2.99566866  22.62343184
  -0.08311097  -2.99968895  22.55724591
  -0.10695342  -2.77810065  22.10432668
  -0.23672135  -2.53607469  21.6418583 
  -0.0760758   -2.56227094  21.64604929
  -0.29452875  -2.28403733  21.13579689
  -0.04466943  -2.2225343   20.9295933 
   0.03563949  -1.7813321   19.98583147
  -0.3536844   -1.5759442   19.67989898
  -1.81439195e-04  -1.63551100e+00   1.96931826e+01
  -0.20172954  -0.69895702  17.80119656
   0.1410244   -0.79964897  17.90404598
  -0.22870576  -0.83137692  18.08656334
  -8.28337630e-03  -1.24647575e+00   1.88843227e+01
  -0.04664363  -1.4662094   19.35477462
   0.13838155  -0.38763646  17.04250738
   0.03448216  -0.05386769  16.37526304
   0.10607863  -0.18601645  16.63000063
  -0.27474867  -0.096096    16.56143144
   0.0331615   -0.27054539  16.83021101
   8.81077579e-03   4.53080964e-01   1.53174345e+01
  -0.07387461   0.1417161   15.99866011
   0.04535882   0.09388885  16.06153286
  -0.31296572   0.17012929  16.0145168 
  -2.58592156e-03   2.82386273e-01   1.56803675e+01
  -0.06155108   0.76473585  14.68238576
  -0.20515836   0.85405786  14.53927722
  -0.03843202   1.04999794  14.07172583
  -0.29223948   0.93317463  14.39972388
   0.07562339   1.07747463  13.97726104
   0.0839134    1.32368492  13.45210937
  -0.04731342   1.51121844  13.09493817
  -0.12316837   1.44844717  13.25285451
  -7.21551541e-03   1.43901269e+00   1.32358792e+01
   0.10830553   1.45568486  13.16351688
   0.06722675   1.55257846  12.9701714 
  -0.05513312   1.53056396  13.05622013
  -0.16140196   1.53977712  13.07060902
  -0.25209351   1.53585219  13.10803893
   0.10562089   1.87282935  12.27323126
  -0.23184371   2.0813422   11.93431928
  -0.10737856   1.97457795  12.12348652
   0.02909357   1.93124693  12.17252528
  -0.16534186   2.05228287  11.97527842
   0.11301869   1.90615793  12.19937992
  -0.11472482   2.44530312  11.11006943
   0.68057123  -3.04570599  22.41440391
   0.33512188  -3.04909025  22.52920437
   0.54233794  -3.03567886  22.43668409
   0.33061271  -2.84344476  22.10337099
   0.47641373  -2.03819019  20.38292411
   0.33859357  -2.06013981  20.47169699
   0.45812018  -1.88466236  20.06890548
   0.30927973  -2.47230735  21.3384975 
   0.69692754  -2.38409331  21.03397976
   0.32387047  -1.46780301  19.24201352
   0.43617351  -1.30015374  18.85708259
   0.47719624  -1.44876804  19.15433268
   0.23862079  -1.34673791  19.01615004
   0.65504638  -1.47049182  19.1440447 
   0.41015257  -0.34120292  16.85981061
   0.15932307  -0.36565916  16.98987209
   0.52167048  -0.10117981  16.32132143
   0.25049482  -0.19519583  16.60381686
   0.26820478  -0.0726265   16.34104414
   0.20265764   0.22675312  15.73262528
   0.2622501    0.57214208  14.98638752
   0.32308246   0.41656779  15.29511601
   0.50340443   0.56209154  14.93151987
   0.14502332   0.1037643   16.00935867
   0.4580868    0.88429467  14.26515255
   0.35581373   1.00655379  14.03866617
   0.49803985   0.80614913  14.41781597
   0.21226736   0.75372018  14.61891442
   0.30653767   0.91695511  14.24396201
   0.23109636   1.4590919   13.11712289
   0.15890967   1.35565031  13.36026535
   0.29694115   1.20217545  13.64249277
   0.13307155   1.44207134  13.18460553
   0.33546184   1.49491486  13.00756735
   0.30948979   1.53981262  12.92010606
   0.17217136   1.56227982  12.91596725
   0.34115346   1.72719837  12.5097382 
   0.17408719   1.89850489  12.19619589
   0.20249275   1.64766384  12.72403506
   0.15089214   1.92148597  12.1543289 
   0.48145452   1.93202789  12.02582238
   0.15760157   1.97596058  12.03519964
   0.43208887   2.00367982  11.88756816
   0.25757775   1.90121839  12.16360444
   0.15755334   2.39155167  11.13812705
   0.20532971   2.42612858  11.04756131
   1.48243286  -3.14513952  22.3713327 
   1.45438119  -2.92070055  21.91378538
   1.35424202  -2.63905641  21.35949969
   0.9618927   -2.03179199  20.21808718
   0.87523569  -2.35809778  20.92428946
   1.34709753  -2.36660069  20.79503738
   1.23455426  -1.83691114  19.72719698
   0.76775062  -1.73761488  19.66580276
   1.01208235  -0.86526911  17.76856056
   0.94527742  -1.07700698  18.2319829 
   1.19334579  -1.19829433  18.40794581
   0.80108567  -1.23603397  18.60913899
   1.0714249   -1.32056734  18.7012332 
   0.74290083  -0.10968967  16.26978694
   1.0924079   -0.0476669   16.03014827
   0.84068464  -0.08896387  16.19563613
   6.35170298e-01  -1.20241967e-03   1.60757479e+01
   0.96619905  -0.33469028  16.67194768
   0.63067665   0.45897639  15.10888915
   0.62777937   0.37143799  15.29424995
   0.72607234   0.53542886  14.91768864
   0.78577636   0.38868004  15.20829354
   0.91377799   0.32643776  15.29924909
   0.59953951   0.87480153  14.24058985
   0.59707301   0.78931804  14.42216426
   0.79213978   0.78720976  14.36519798
   0.70646507   0.75655982  14.45695145
   0.79448762   0.67558899  14.60034367
   0.60315625   1.26503193  13.41194192
   0.65921023   1.09639789  13.75230307
   0.5778697    1.16174104  13.63934301
   0.57527904   1.08344935  13.80627495
   0.65058784   1.19533277  13.54503477
   0.7094797    1.88055226  12.06370641
   0.61227298   1.88376699  12.08774054
   0.72306922   1.7563141   12.32583793
   0.56004279   1.60109564  12.70961112
   0.66280423   1.8264326   12.19468825
   0.65584601   2.17465051  11.44736177
   0.7666906    2.18998215  11.37881402
   0.70415742   2.12290774  11.54368199
   0.80610594   1.9371641   11.91135744
   0.49937503   1.99063638  11.89410404
   0.7839217    2.27116132  11.19758083
   0.73310982   2.23500896  11.29211789
   0.59129173   2.39529989  10.98989861
   1.49590211  -3.14421488  22.36522629
   1.48078331  -2.91900725  21.90206034
   1.99724935  -2.70623052  21.29947662
   1.65439855  -2.56954755  21.12167189
   1.883783    -2.20840913  20.29910376
   1.47541632  -2.19688841  20.4019473 
   1.3931653   -2.33109492  20.70683144
   1.33441115  -1.77352439  19.56402181
   1.6302355   -2.07859762  20.10756241
   1.29126708  -1.09295751  18.15741274
   1.41727428  -0.97732197  17.87652665
   1.65428395  -1.42244468  18.73243046
   1.51529605  -0.78279544  17.43922699
   1.51940757  -1.07408066  18.04696294
   1.10218403  -0.04760428  16.02696126
   1.26053513e+00   2.09338354e-03   1.58730916e+01
   1.21507383  -0.08629769  16.07296753
   1.19091207  -0.26913839  16.46427163
   1.24571547  -0.37371037  16.66646839
   1.26408367   0.57408735  14.66745954
   1.09966384   0.26346945  15.3736258 
   1.0995923    0.53339099  14.80480296
   1.15253192   0.35269934  15.16917827
   1.41594932   0.05088072  15.72207756
   1.26273817   0.58234319  14.6504532 
   1.33162574   1.02822921  13.68557358
   1.00224034   0.79279819  14.28737107
   1.34349326   0.91829697  13.91485831
   0.98315307   0.93790053  13.98625916
   1.18504205   1.20592527  13.35424622
   0.97968802   1.09100927  13.66276806
   0.92407873   1.3843736   13.0566563 
   1.03702011   1.32300071  13.15175603
   1.33890028   1.07809331  13.57751531
   1.06536112   1.82488806  12.07043408
   0.93973748   1.77259255  12.22230082
   1.20179956   1.76470255  12.15652461
   0.98277618   1.83303464  12.07904661
   1.11465735   1.62213445  12.48921813
   1.05392809   2.17882094  11.31158652
   0.92725481   2.09942632  11.52333757
   1.0593901    2.06929895  11.54644958
   0.96562053   1.99008917  11.74686934
   0.93660513   1.94345337  11.85642591
   0.85590733   2.29645457  11.11976356
   0.89817677   2.33183169  11.02950493
   0.82391668   2.2313663   11.27101443
   1.07729113   2.20212526  11.25375245
   1.03925802   2.29824079  11.05751386
   2.08459813  -2.42654221  20.69075357
   2.13262071  -2.61072734  21.05894949
   2.50786631  -2.43623836  20.57989824
   2.4018452   -2.62930693  21.01421929
   2.23342184  -2.48529881  20.7668723 
   2.0171096   -2.13823018  20.11166494
   2.17175667  -2.06816226  19.91785792
   2.34008054  -1.96821123  19.65759731
   2.11511968  -2.39160211  20.60860569
   1.9812229   -1.53409429  18.86389483
   2.13353938  -0.70029036  17.07470922
   1.7245885   -0.72023777  17.24326607
   1.85044695  -1.15320746  18.10943396
   2.10225641  -1.2095845   18.14912129
   2.12226574  -0.82785717  17.34511751
   1.69639079  -0.51840155  16.82940243
   2.04142859  -0.61187966  16.9181454 
   1.95134718  -0.48152845  16.67301686
   2.12329913  -0.48952672  16.63650993
   1.80184744  -0.63889153  17.04899778
   1.49446332   0.53144036  14.68555176
   1.56603668   0.57239577  14.5768105 
   1.55181776   0.42145329  14.89966213
   1.49095081   0.36099862  15.04604105
   1.88929374   0.24617501  15.16403515
   1.51069561   1.00401961  13.68096947
   1.45134138   0.84183334  14.04306733
   1.38021045   0.9913641   13.74854905
   1.53753919   0.79507391  14.11512439
   1.53018958   0.87118127  13.95634409
   1.37885914   1.08453264  13.55135262
   1.30232775   1.35659426  12.99692046
   1.34125952   1.23689316  13.23945899
   1.48146969   1.10398417  13.47800483
   1.46401029   1.18719851  13.30671104
   1.25727026   1.7460679   12.17902224
   1.58419589   1.67384626  12.2313064 
   1.21328136   1.82029025  12.03366428
   1.30046952   1.82312646  12.0001496 
   1.51521743   1.65253144  12.2984883 
   1.37596784   2.09302367  11.39534785
   1.44799756   2.16388742  11.21953423
   1.26687597   2.18036606  11.24089025
   1.33445794   2.1535872   11.27752151
   1.16601268   2.1353934   11.37000196
   1.18593316   2.24081476  11.13555229
   1.38827842   2.21399701  11.12982179
   1.12369573   2.28084962  11.06845272
   1.28203199   2.26518168  11.05235499
   2.66154294  -2.51130852  20.68854425
   2.71338881  -2.37511352  20.38923145
   2.60268101  -2.03190913  19.70907813
   2.67523562  -1.73204902  19.06197312
   2.55820019  -2.23762222  20.15107722
   2.43021982  -1.43561074  18.5194634 
   2.40395949  -1.60142395  18.87344277
   2.46829029  -0.99860335  17.59514502
   2.42688353  -1.42226812  18.49265489
   2.43992979  -1.17358319  17.9694858 
   2.13323678  -0.48936145  16.63308779
   2.1839512   -0.29868412  16.21766031
   2.10912152   0.27317563  15.03908277
   2.20417535   0.15674107  15.25475629
   1.95167078   1.04063176  13.46618094
   1.87626562   1.31240775  12.91200972
   1.79134341   1.39726332  12.75761862
   1.6893054    1.55344452  12.45605544
   1.65395304   1.68917892  12.1767038 
   1.57536804   2.16877175  11.16902862
   1.62996681   2.06906648  11.36746354
   1.57450088   1.91178241  11.72373081
   1.57494978   2.12035912  11.27386681
   1.59179528   2.18250793  11.13415455
   1.52422252   2.20879902  11.09838296
   1.58747035   2.36201838  10.74591397
