  -16.00408273  -16.55164288  124.33703899
  -15.39289619  -17.32693682  124.4206522 
  -15.2125631    -6.90973345  122.25361953
  -14.28705189   -6.75681085  122.12045009
  -16.15340678   -7.59731492  122.52969883
  -15.47011715   -2.75519859  120.97548578
  -1.59030351e+01  -8.00059142e-02   1.20047614e+02
  -14.60995345   -2.16047365  120.65988195
  -14.68959188   -0.160406    119.91409109
  -14.59945051    0.20666461  119.75542531
  -15.02504184    0.94209299  119.51630635
  -15.51452336    1.8933024   119.18909618
  -15.27530936    5.25972801  117.60912577
  -14.98760892   12.26201411  113.58406439
  -13.44283731   12.41095769  113.14059956
  -14.38717201   17.01258032  110.03951901
  -13.59450752   13.38054833  112.51946638
  -14.67743382   17.74415732  109.53234432
  -14.2731468    18.25786622  109.00247536
  -13.15419704   18.08714506  108.83718494
  -13.69881518   21.18644898  106.2454069 
  -12.98585023   21.36330322  105.858303  
  -13.64994415   22.26752429  105.18509085
  -13.84718084   21.74120855  105.76138872
  -13.99855659  -17.01308361  124.3241973 
  -11.43640811  -15.6854433   123.99331075
  -14.36615283  -15.22778658  124.06016534
  -11.2739589   -14.90852087  123.84158915
  -12.76495088  -11.19883103  123.15279551
  -11.2776247    -9.65672263  122.64950316
  -13.8528681   -11.74177091  123.35414651
  -14.28877544  -10.2782593   123.05100184
  -13.04666632   -9.73731931  122.81895197
  -13.8285285    -6.83260775  122.09765079
  -11.26129827   -8.7371492   122.39822544
  -11.27630278   -9.57998893  122.62902403
  -13.57131739   -9.04770948  122.68583304
  -13.70701968   -8.20565903  122.47354578
  -1.09027067e+01  -1.09101657e-01   1.19359779e+02
  -12.19851843   -2.98779205  120.65944559
  -1.36977382e+01  -1.90286426e-02   1.19720456e+02
  -1.16550959e+01  -3.12743186e-02   1.19435874e+02
  -11.47647916   -4.48754146  121.10170462
  -11.90809172    1.42821125  118.848076  
  -10.65918851    0.47371154  119.07583299
  -11.24538113    0.98743897  118.94076946
  -12.56442832    2.01289817  118.6895803 
  -12.82023456    1.2175763   119.07769814
  -13.55983558    5.09480194  117.39582509
  -10.19790565    7.26416588  115.61679217
  -11.64378237    7.90784542  115.53593378
  -10.8411275     5.96426651  116.45738889
  -12.99375529    7.52321461  116.01522586
  -11.69622915   11.18741924  113.5507177 
  -12.08346653   12.04594475  113.07424428
  -12.6232695    11.54086789  113.52795205
  -12.8739833    12.19937178  113.15210886
  -13.4334939    11.43262263  113.77664346
  -10.87421805   16.43832679  109.56185909
   -9.96941972   16.21836934  109.49288268
  -10.9846603    15.83898367  110.06560562
  -10.35569137   13.20823317  111.86690481
  -11.48874779   16.76527786  109.46539603
  -12.62500883   20.07022474  106.95696376
  -10.8659184    18.55542416  107.78939095
  -10.72361087   19.51576542  106.89187405
  -12.93284685   18.19380241  108.68659427
  -10.17468227   18.46234988  107.66896849
  -10.53725339   21.80382691  104.64580823
  -11.00584703   21.13512091  105.45763886
  -12.0665024    22.27350801  104.67180729
   -9.85533255   21.8127813   104.41185355
  -11.31359024   22.27756489  104.42163969
   -7.50587181  -16.06188558  123.85674702
   -8.42973058  -15.90938602  123.87732923
   -7.42265302  -15.20679643  123.67954027
   -8.34166655  -14.58886663  123.60581173
   -9.73944893  -15.75805657  123.91863562
   -7.56857887  -14.1984931   123.47237891
   -8.33958308  -14.35615103  123.5561524 
   -7.46312843  -11.18431145  122.73243435
   -7.39511245  -12.03192861  122.94645846
   -7.45300675  -10.26173143  122.48088165
  -10.03625603   -8.81145035  122.30656285
   -6.96275935   -7.58680763  121.63065658
   -7.02286385   -6.37412779  121.23566302
   -7.28013296   -8.57730404  121.97346796
   -7.74996814   -9.49565433  122.29071194
   -9.17100819   -0.11985318  119.11021017
   -8.6821711    -1.7377322   119.71674681
   -8.18979478   -3.51971667  120.3501724 
   -9.693154     -2.99442036  120.34490266
  -1.00717490e+01  -4.11041878e-02   1.19209658e+02
   -7.5167515     3.31990256  117.23218756
  -1.00676780e+01   1.04978526e-01   1.19146575e+02
   -7.45963149    2.60861058  117.57757142
   -8.47734349    3.47326118  117.32335997
   -6.88692526    1.60108561  117.97001787
   -7.50678505    8.89637746  114.084895  
   -7.25687492    7.5458755   114.85655743
   -7.44373758    6.11434691  115.72467   
   -8.5844864     4.88304807  116.6151431 
   -8.38512998    8.71653773  114.38605891
   -7.3106214    10.47547564  113.02207008
   -7.50465478    8.96300916  114.04270338
   -6.59027013   10.52015711  112.82422486
   -8.13646849    9.57678774  113.79399246
   -8.04032049   10.23380552  113.34876716
   -6.42771595   15.4017311   109.17423493
   -7.51134027   16.22750424  108.8032111 
   -9.40338099   16.25334858  109.3099081 
   -7.50170339   13.10844842  111.22934691
   -6.49899345   13.3846716   110.76681264
   -8.66578536   19.28907868  106.47112612
   -6.25304112   19.7020002   105.31248307
   -8.51404389   20.60282611  105.17539109
   -8.73044914   18.21521077  107.45969651
   -7.76041497   19.51598491  105.97601239
   -8.45014302   21.56218638  104.19652103
   -8.39228418   22.39381068  103.31243198
   -6.86328527   21.03430455  104.19593757
   -4.73580101  -16.5970797   123.81080829
   -6.04256938  -16.13475666  123.7900669 
   -6.49674912  -14.89304773  123.55610927
   -6.96893079  -16.44900626  123.90307235
   -3.42688913  -16.35886346  123.68560288
   -5.85154724  -10.79510788  122.48849623
   -4.40675742  -12.02236268  122.70292319
   -3.33100673  -10.71105371  122.23591092
   -5.24978939  -12.17939551  122.81405755
   -5.91774309   -9.64462664  122.16252626
   -5.98820622   -9.03296704  121.98500536
   -6.88849325   -7.7387527   121.67161175
   -5.89243479   -7.13037792  121.3649929 
   -4.95897805   -4.79518556  120.42025896
   -5.90362111   -8.19389541  121.71431009
   -4.91651875   -1.02188024  118.86440449
   -5.37474593   -1.75235038  119.25095684
   -3.27186162   -0.44936122  118.34710792
   -4.60763384   -0.15000992  118.42188297
   -5.65543337   -0.43385623  118.71544906
   -6.58226605    1.95665211  117.74761222
   -5.40449068    1.37202079  117.83297971
   -4.00287298    0.78473741  117.8819652 
   -4.90175014    0.14206861  118.33367028
   -3.2658019     0.34647471  117.97004708
   -6.44753436    7.86638095  114.49259456
   -5.78707916    8.18741062  114.15221625
   -3.2667479     7.99492653  113.71478294
   -6.4228346     8.80352986  113.90529099
   -6.1752463     7.11651475  114.88710426
   -6.51854653   10.51809501  112.80877226
   -6.03925108   12.23735699  111.49341793
   -6.05826218    8.92758478  113.74554002
   -3.41817079   12.70937792  110.46349737
   -6.24996699    9.85692312  113.18653793
   -3.1348554    12.94711353  110.20539157
   -4.25369078   13.05165893  110.42643648
   -6.42421776   13.50632689  110.65580146
   -5.23898114   13.02623277  110.70651047
   -6.04561017   16.33649697  108.29101481
   -3.2504953    18.58642593  105.39429007
   -5.74348987   18.89913167  105.91285879
   -4.99658696   18.91109541  105.65972894
   -5.95952749   20.22711148  104.7006013 
   -5.08375445   20.27864483  104.35187218
   -4.53820644   22.52050988  101.77709278
   -2.27393711  -16.51022261  123.64957814
   -0.96787055  -16.58301237  123.58598043
   -1.12175653  -15.64983333  123.37916331
   -1.88807682  -14.56559454  123.16828571
   -0.96883953  -14.71711414  123.13946473
   -2.26941554  -13.40501037  122.89944548
   -0.81686558  -13.16750692  122.71819922
   -0.36235902  -11.00898337  122.04446381
   -2.79469617   -9.86657246  121.92691184
   -0.59139313  -10.24322951  121.82531715
   -2.02335194   -4.79878631  120.03903919
    0.30138008   -5.47326362  119.99765659
   -2.17589314   -5.62154114  120.3805375 
   -0.66975999   -8.10973347  121.11460931
   -0.89566063   -9.32716539  121.55740754
    0.28999302   -2.80482947  118.8646024 
   -0.45820618   -0.46867149  117.8946374 
   6.18040262e-02  -1.41460107e+00   1.18261267e+02
   -2.67954736   -0.74371711  118.38901329
   -0.45491148   -1.99536774  118.61341416
   -0.68532684    3.37182931  115.93436806
   -1.2697042     0.97565988  117.31826246
   -0.38713603    0.60988599  117.34797824
   -3.03743246    1.20675381  117.51083339
   -0.75643628    2.03724842  116.67483331
   -1.26515541    5.93162566  114.56063888
   -2.41496606    6.70046906  114.33859492
   -1.11999165    8.40589248  112.94987359
   -3.12943541    7.38954475  114.06712953
   -0.19811937    8.64436806  112.56754145
   -0.1386967    10.8973334   110.95015911
   -1.25616113   12.68917736  109.88987392
   -1.88506716   12.09134654  110.5213839 
   -0.90893476   11.99320538  110.33210631
   6.24437753e-02   1.21435132e+01   1.09948630e+02
   -0.28837348   13.08051769  109.3069771 
   -1.32520032   12.87686626  109.76207228
   -2.22790115   12.97389832  109.93663136
   -2.99518635   12.94176614  110.17159261
   3.21759915e-02   1.62620165e+01   1.06486759e+02
   -2.9838428    18.45992468  105.42667509
   -1.85302373   17.3321124   106.11669296
   -0.64306851   16.86864316  106.15011629
   -2.38364916   18.14709623  105.52545157
   9.65102682e-02   1.66007606e+01   1.06154595e+02
   -2.00754395   22.32411901  101.02124782
    3.25160523  -16.95484533  123.40187022
    1.33520773  -16.88522632  123.51062888
    2.48509162  -16.88027848  123.43463565
    1.33178164  -16.02855183  123.30387915
    2.30338302  -12.38366016  122.2153361 
    1.467683    -12.46396657  122.31687713
    2.22191693  -11.61452322  121.98288339
    1.24837841  -14.39770886  122.88748983
    3.53400668  -14.07788672  122.6105362 
    1.44999812   -9.39775408  121.32667435
    2.19725513   -8.48399074  120.91515343
    2.4304332    -9.31919196  121.18921002
    0.91767075   -8.71419695  121.14686377
    3.56207152   -9.46856821  121.11341037
    2.21325632   -2.51949211  118.43306751
    0.43775615   -2.65855474  118.77606596
    3.07359522   -0.85439978  117.48014684
    1.09634265   -1.49322646  118.12950819
    1.23666944   -0.62509304  117.68382712
    0.77962207    1.595511    116.6237161 
    1.26280721    4.31269153  114.99577925
    1.70972963    3.05936269  115.63399227
    3.13019452    4.21261787  114.65686058
    0.34663492    0.6748465   117.18476676
    2.86299402    6.91817537  112.99277859
    2.06751925    7.99411327  112.45757033
    3.15983025    6.24478641  113.36759425
    0.88902399    5.82133409  114.15745442
    1.65589295    7.21251013  113.08515018
    1.09814606   12.1655578   109.6399074 
    0.48634432   11.191357    110.56260541
    1.61855071    9.75746393  111.3246236 
    0.27112307   12.01152682  109.99318282
    1.98514284   12.49871054  109.1175698 
    1.77164424   12.93393697  108.82556219
    0.6047712    13.16528663  108.97981222
    2.07253303   14.76764481  107.17049812
    0.63300446   16.51434425  106.05707219
    0.86817552   13.99726008  108.21120309
    0.42960681   16.75223419  105.90317475
    3.34154383   16.80694148  104.84740534
    0.48970308   17.31023368  105.35504736
    2.92285468   17.54851944  104.26485975
    1.36664005   16.53000088  105.79676925
    0.49518456   21.6792524   100.75890657
    0.93349766   22.03587086  100.16039904
    7.69356922  -17.55798557  123.24892276
    7.67895358  -16.62175298  122.99599397
    7.27822569  -15.37870478  122.67289246
    5.26131302  -12.44875031  121.95154053
    4.59829564  -13.99570466  122.49446779
    7.40870813  -14.13731484  122.28467009
    7.05727169  -11.51952445  121.45108179
    4.18271556  -10.91722411  121.55241752
    6.19298146   -5.99884708  119.39444118
    5.62544264   -7.27119687  120.0112911 
    7.20566239   -8.02164307  120.10626269
    4.59567036   -8.17687905  120.506431  
    6.32561393   -8.70297133  120.49284373
    4.68265834   -0.93779846  117.23748199
    7.28378657   -0.5281365   116.53842576
    5.40757716   -0.79943583  117.03428442
    3.9374534    -0.14303244  116.95924226
    6.18161031   -2.53774749  117.7843643 
    4.07883184    3.37138589  114.96032253
    4.02297057    2.67895653  115.38083136
    4.84874179    3.97774348  114.4244626 
    5.23883662    2.80057078  115.05431274
    6.18365378    2.30136883  115.15083952
    3.99248962    6.82486396  112.78204898
    3.94109718    6.09373996  113.28235528
    5.4911599     6.05907399  112.93311497
    4.79576902    5.8073235   113.26814449
    5.45213895    5.12160624  113.5620563 
    4.1684663    10.30780912  110.22154381
    4.56343445    8.76835507  111.26889131
    3.92147909    9.36516162  111.0013144 
    3.87230883    8.66000059  111.53003314
    4.53378148    9.66373618  110.61116653
    5.32659635   16.2431044   104.68630601
    4.47597327   16.2940291   104.94288076
    5.39077827   14.99955479  105.85640899
    3.92484338   13.49926854  107.69052713
    4.89619004   15.70858848  105.3583124 
    4.96671109   19.26272315  101.67020873
    5.9655716    19.39023974  101.11219054
    5.37922171   18.71487836  102.10599023
    6.2004996    16.79385518  103.81081886
    3.51532244   17.40180292  104.19592081
    6.15427276   20.22631215  100.06156801
    5.68265482   19.8669016   100.68638533
   4.45412934  21.58870922  99.17484493
    7.76991482  -17.55759869  123.24337182
    7.8313271   -16.62097008  122.98400413
   11.00560087  -15.82529274  122.48556919
    9.09548438  -15.136393    122.44216546
   10.79278597  -13.50220268  121.74374445
    8.30133536  -13.36014127  121.94888343
    7.70880459  -13.9811064   122.2074401 
    7.72768484  -11.21054787  121.26698475
    9.34451991  -12.81562992  121.65786244
    7.93335965   -7.41908593  119.75626822
    8.87561172   -6.74472215  119.32923565
   10.07050662   -9.3751411   120.27874158
    9.71810236   -5.55560741  118.65847868
    9.48574598   -7.34252503  119.50288651
    7.35601391   -0.52873946  116.52492518
    8.56708856   -0.1837949   116.09750958
    8.16021244   -0.82074816  116.53004618
    7.84456604   -2.11160238  117.27570394
    8.16025262   -2.83780374  117.59192438
    9.07223505    4.24048201  113.27892587
    7.55823768    1.79582406  115.15974526
    7.75397778    3.92663231  113.79709717
    8.02816736    2.48302532  114.64269245
    9.76902639    0.15808928  115.65872202
    9.0687273     4.30798719  113.23489628
   10.01379015    8.08785103  110.27097998
    7.16865891    6.08665897  112.49927733
   10.00975536    7.12550629  111.00339248
    7.11209833    7.33604811  111.6330331 
    8.96093815    9.69842509  109.30902613
    7.1849326     8.6873617   110.61471495
    6.90998636   11.38092236  108.5551471 
    7.81680353   10.79341865  108.76310416
   10.11871009    8.52855321  109.89662751
    8.40319832   15.61172045  104.17142816
    7.27878105   15.12057975  105.07294768
    9.54378212   14.98682722  104.36414418
    7.68945543   15.7110107   104.34130716
    8.68730723   13.61568008  105.99971245
    8.52557149   19.18455954  100.23944008
    7.35428798   18.41256029  101.62812859
    8.5081805    18.06692654  101.52780928
    7.63285864   17.2905473   102.73529515
    7.35081649   16.82707682  103.33432425
   6.81322297  20.46437301  99.48251864
   7.21013226  20.81578075  98.86979262
    6.49652293   19.80083487  100.41195842
   8.74745614  19.41480705  99.86693074
   8.4618171   20.41503777  98.78073245
   11.8028546   -14.57907097  122.00787028
   11.90288095  -15.4316396   122.2789754 
   14.36580062  -14.71934265  121.79639704
   13.49254335  -15.57776598  122.17638281
   12.6411554   -14.88429471  122.02760642
   11.68554484  -13.18926525  121.53936132
   12.7247378   -12.87608414  121.3111622 
   13.90274304  -12.40927858  120.99903992
   12.02426139  -14.42301012  121.93315077
   12.09968988  -10.05122511  120.28840775
   14.1392734    -5.11972785  117.70452065
   11.23890857   -5.1883713   118.23561612
   11.64437665   -7.86436963  119.41852158
   13.27902046   -8.23659246  119.34375266
   13.89433535   -5.92869893  118.15514095
   11.25227767   -3.86915972  117.57309943
   13.60060448   -4.53303462  117.4972513 
   13.11937156   -3.65773844  117.12433532
   14.34527989   -3.73506976  116.93636454
   11.87038998   -4.67516021  117.87439214
   10.83649556    3.86904765  113.09637512
   11.4400947     4.1932285   112.72518614
   11.16987274    2.98191256  113.60468818
   10.63760234    2.51216055  114.03418272
   13.56673574    1.5747627   113.95159029
   11.45033775    7.85124999  110.03662241
   10.80596637    6.45476992  111.28169143
   10.37553089    7.75751229  110.42155948
   11.44956284    6.04645534  111.40608761
   11.47029742    6.6961649   110.91758793
   10.45223096    8.58049646  109.7570051 
   10.06488109   11.06605851  107.8209396 
   10.28289656    9.9583845   108.69003943
   11.31324929    8.73945745  109.37092864
   11.25267109    9.48893863  108.77607427
   10.00862866   14.79147962  104.3822748 
   12.75369878   14.01183518  104.10270675
    9.68557685   15.53137348  103.7592835 
   10.44450051   15.53748753  103.45401054
   12.14261328   13.82377145  104.52925655
   11.31899467   18.20195127  100.13196874
  12.00848764  18.8861789   98.97893473
  10.41904071  19.12374546  99.44593315
  10.99831559  18.82717853  99.53335167
    9.49452873   18.70382024  100.36989655
   9.73946731  19.76959298  98.97585644
  11.5185254   19.41548143  98.55814757
   9.20824234  20.2033356   98.6900589 
  10.61107733  19.97858829  98.29305721
   15.20636349  -15.10174208  121.84359443
   15.70606663  -14.4791665   121.56824895
   15.48331991  -12.78485123  120.9553495 
   16.37331574  -11.25071117  120.21989859
   14.92926084  -13.78852312  121.40051858
   15.18236321   -9.58671081  119.66731952
   14.78464784  -10.49692753  120.11576867
   16.06266984   -7.03889333  118.34075692
   15.17851575   -9.51121705  119.63452388
   15.61462893   -8.08242998  118.91653505
   14.41700391   -3.73535173  116.92294234
   15.04633752   -2.44231956  116.07740841
   15.28857131    1.7546574   113.41783791
   15.84869873    0.85381041  113.87783557
   15.08993723    8.10541396  108.71020035
   14.81431406   10.55450046  106.65831421
   14.20705797   11.35267169  106.13867854
   13.52329185   12.83742202  104.97356609
   13.36616164   14.14125312  103.72682966
  13.13354417  18.88145948  98.42985931
  13.52657933  17.86617268  99.49497971
   12.90025922   16.33133369  101.57264587
  13.08955172  18.39855975  99.05513448
  13.28915318  19.01137963  98.18622153
  12.71552316  19.30446681  98.10216589
  13.38889496  20.80809394  95.72783407
